{
 "cells": [
  {
   "cell_type": "code",
   "execution_count": 58,
   "id": "b16d1085-4a99-4843-9101-6e5432cb7891",
   "metadata": {},
   "outputs": [],
   "source": [
    "import pandas as pd\n",
    "import numpy as np\n",
    "import networkx as nx\n",
    "from utils import *"
   ]
  },
  {
   "cell_type": "code",
   "execution_count": 59,
   "id": "aef76281-9277-4d8b-a711-348f887d3927",
   "metadata": {},
   "outputs": [],
   "source": [
    "adj_matrix = read_from_excel()"
   ]
  },
  {
   "cell_type": "code",
   "execution_count": 68,
   "id": "28fb2940-1e24-49a2-a2c9-b9ad8cf533e6",
   "metadata": {},
   "outputs": [
    {
     "data": {
      "text/plain": [
       "382.0"
      ]
     },
     "execution_count": 68,
     "metadata": {},
     "output_type": "execute_result"
    }
   ],
   "source": [
    "G = nx.from_numpy_matrix(adj_matrix)\n",
    "adj_matrix[30,29]"
   ]
  },
  {
   "cell_type": "code",
   "execution_count": 63,
   "id": "c8775388-bb2e-470d-a030-cc883878664d",
   "metadata": {},
   "outputs": [
    {
     "name": "stdout",
     "output_type": "stream",
     "text": [
      "Graph with 31 nodes and 465 edges\n"
     ]
    }
   ],
   "source": [
    "print(G)"
   ]
  },
  {
   "cell_type": "code",
   "execution_count": 71,
   "id": "67408674-e3b6-49a1-b8aa-9023367b782e",
   "metadata": {},
   "outputs": [
    {
     "data": {
      "text/plain": [
       "{}"
      ]
     },
     "execution_count": 71,
     "metadata": {},
     "output_type": "execute_result"
    }
   ],
   "source": [
    "G.nodes()[1].ed"
   ]
  },
  {
   "cell_type": "code",
   "execution_count": 51,
   "id": "f37b87a3-db2b-426a-a397-60b0145e5076",
   "metadata": {},
   "outputs": [],
   "source": [
    "for i in range(1,32):\n",
    "    # np.append(adj_matrix, df[f\"Unnamed: {i}\"].to_numpy()[5:], axis=1)\n",
    "    adj_matrix[:,i-1] = df[f\"Unnamed: {i}\"].to_numpy()[4:]\n"
   ]
  },
  {
   "cell_type": "code",
   "execution_count": 24,
   "id": "4dd231e8-bb02-47df-97a5-658034e00ea5",
   "metadata": {},
   "outputs": [
    {
     "data": {
      "text/plain": [
       "625"
      ]
     },
     "execution_count": 24,
     "metadata": {},
     "output_type": "execute_result"
    }
   ],
   "source": [
    "df[\"Unnamed: 1\"].to_numpy()[34]"
   ]
  },
  {
   "cell_type": "code",
   "execution_count": 53,
   "id": "8cb8a9c7-8f11-465c-8784-377af2ae42db",
   "metadata": {},
   "outputs": [
    {
     "data": {
      "text/plain": [
       "(31, 31)"
      ]
     },
     "execution_count": 53,
     "metadata": {},
     "output_type": "execute_result"
    }
   ],
   "source": [
    "adj_matrix.shape"
   ]
  },
  {
   "cell_type": "code",
   "execution_count": 57,
   "id": "15d680fb-7775-470a-bf9f-952ad1f77e41",
   "metadata": {},
   "outputs": [
    {
     "data": {
      "text/plain": [
       "array([[   0.,  711.,  697.,  282.,  547.,  468.,  930., 1279.,  847.,\n",
       "        1206.,  755.,  280.,  211.,  490., 1518.,  455.,  549.,  417.,\n",
       "         342.,  290.,  760.,  320.,  135.,  310.,  989.,  297.,  684.,\n",
       "        1091.,  167.,  562.,  625.],\n",
       "       [ 711.,    0.,  358.,  864., 1104.,  829., 1323., 1767., 1461.,\n",
       "        1694.,  227.,  590.,  767.,  262., 2006.,  261.,  632.,  810.,\n",
       "         534.,  962., 1348.,  434.,  633.,  541., 1477.,  741.,  768.,\n",
       "        1484.,  524., 1176., 1113.],\n",
       "       [ 697.,  358.,    0., 1037., 1026.,  699., 1496., 1914., 1452.,\n",
       "        1840.,  146.,  764.,  782.,  627., 2152.,  434., 1034.,  984.,\n",
       "         409., 1000., 1495.,  608.,  779.,  714., 1650.,  662., 1169.,\n",
       "        1657.,  527., 1292., 1259.],\n",
       "       [ 282.,  864., 1037.,    0.,  521.,  652., 1082.,  931.,  607.,\n",
       "         892.,  907.,  418.,  391.,  642., 1212.,  607.,  708.,  570.,\n",
       "         621.,  100.,  481.,  472.,  273.,  462.,  676.,  568.,  844.,\n",
       "        1174.,  446.,  322.,  311.],\n",
       "       [ 547., 1104., 1026.,  521.,    0.,  448., 1465., 1119.,  431.,\n",
       "        1370., 1142.,  816.,  328.,  940., 1630.,  841., 1085., 1076.,\n",
       "         622.,  468.,  543.,  856.,  671.,  846., 1100.,  496., 1220.,\n",
       "        1627.,  582.,  425.,  749.],\n",
       "       [ 468.,  829.,  699.,  652.,  448.,    0., 1392., 1537.,  864.,\n",
       "        1532.,  741.,  669.,  249.,  711., 1844.,  757.,  941.,  868.,\n",
       "         298.,  598.,  987.,  588.,  586.,  695., 1316.,  172., 1076.,\n",
       "        1553.,  356.,  819.,  951.],\n",
       "       [ 930., 1323., 1496., 1082., 1465., 1392.,    0., 1487., 1577.,\n",
       "         656., 1344.,  715., 1128.,  801., 1112., 1044.,  440.,  509.,\n",
       "        1201., 1120., 1376.,  861.,  790.,  762., 1006., 1214.,  304.,\n",
       "         275., 1031., 1291.,  906.],\n",
       "       [1279., 1767., 1914.,  931., 1119., 1537., 1487.,    0.,  713.,\n",
       "         987., 1790., 1260., 1283., 1535.,  763., 1474., 1353., 1201.,\n",
       "        1521.,  947.,  575., 1341., 1114., 1287.,  490., 1437., 1346.,\n",
       "        1405., 1335.,  749.,  663.],\n",
       "       [ 847., 1461., 1452.,  607.,  431.,  864., 1577.,  713.,    0.,\n",
       "        1350., 1502., 1041.,  742., 1238., 1389., 1203., 1309., 1168.,\n",
       "        1048.,  554.,  302., 1068.,  888., 1082.,  860.,  923., 1445.,\n",
       "        1631., 1009.,  291.,  673.],\n",
       "       [1206., 1694., 1840.,  892., 1370., 1532.,  656.,  987., 1350.,\n",
       "           0., 1673., 1139., 1246., 1408.,  466., 1374.,  978.,  850.,\n",
       "        1467.,  966., 1073., 1233., 1009., 1184.,  566., 1420.,  864.,\n",
       "         492., 1298., 1013.,  628.],\n",
       "       [ 755.,  227.,  146.,  907., 1142.,  741., 1344., 1790., 1502.,\n",
       "        1673.,    0.,  633.,  809.,  496., 2025.,  307.,  273.,  855.,\n",
       "         449., 1006., 1392.,  478.,  677.,  583., 1520.,  580., 1041.,\n",
       "        1525.,  562., 1219., 1156.],\n",
       "       [ 280.,  590.,  764.,  418.,  816.,  669.,  715., 1260., 1041.,\n",
       "        1139.,  633.,    0.,  487.,  327., 1514.,  333.,  280.,  226.,\n",
       "         489.,  534.,  915.,  150.,  148.,   51.,  986.,  501.,  393.,\n",
       "         900.,  319.,  743.,  621.],\n",
       "       [ 211.,  767.,  782.,  391.,  328.,  249., 1128., 1283.,  742.,\n",
       "        1246.,  809.,  487.,    0.,  436., 1245.,  361.,  552.,  503.,\n",
       "         237.,  275.,  590.,  342.,  338.,  341.,  886.,  145.,  670.,\n",
       "        1068.,  140.,  438.,  596.],\n",
       "       [ 490.,  262.,  627.,  642.,  940.,  711.,  801., 1535., 1238.,\n",
       "        1408.,  496.,  327.,  436.,    0., 1782.,  197.,  364.,  548.,\n",
       "         475.,  738., 1124.,  172.,  409.,  278., 1253.,  542.,  556.,\n",
       "        1222.,  360.,  952.,  888.],\n",
       "       [1518., 2006., 2152., 1212., 1630., 1844., 1112.,  763., 1389.,\n",
       "         466., 2025., 1514., 1245., 1782.,    0., 1725., 1425., 1296.,\n",
       "        1801., 1289., 1074., 1590., 1360., 1537.,  519., 1760., 1299.,\n",
       "         951., 1632., 1189.,  873.],\n",
       "       [ 455.,  261.,  434.,  607.,  841.,  757., 1044., 1474., 1203.,\n",
       "        1374.,  307.,  333.,  361.,  197., 1725.,    0.,  604.,  554.,\n",
       "         285.,  705., 1092.,  178.,  376.,  284., 1220.,  409.,  739.,\n",
       "        1228.,  259.,  919.,  856.],\n",
       "       [ 549.,  632., 1034.,  708., 1085.,  941.,  440., 1353., 1309.,\n",
       "         978.,  273.,  280.,  552.,  364., 1425.,  604.,    0.,  197.,\n",
       "         763.,  808., 1172.,  397.,  417.,  299., 1101.,  775.,  133.,\n",
       "         711.,  593., 1029.,  736.],\n",
       "       [ 417.,  810.,  984.,  570., 1076.,  868.,  509., 1201., 1168.,\n",
       "         850.,  855.,  226.,  503.,  548., 1296.,  554.,  197.,    0.,\n",
       "         702.,  679., 1052.,  373.,  281.,  274.,  943.,  711.,  309.,\n",
       "         673.,  532.,  895.,  578.],\n",
       "       [ 342.,  534.,  409.,  621.,  622.,  298., 1201., 1521., 1048.,\n",
       "        1467.,  449.,  489.,  237.,  475., 1801.,  285.,  763.,  702.,\n",
       "           0.,  625., 1100.,  407.,  483.,  513., 1296.,  136.,  899.,\n",
       "        1363.,  176.,  901.,  933.],\n",
       "       [ 290.,  962., 1000.,  100.,  468.,  598., 1120.,  947.,  554.,\n",
       "         966., 1006.,  534.,  275.,  738., 1289.,  705.,  808.,  679.,\n",
       "         625.,    0.,  443.,  568.,  409.,  581.,  784.,  523.,  992.,\n",
       "        1254.,  467.,  270.,  420.],\n",
       "       [ 760., 1348., 1495.,  481.,  543.,  987., 1376.,  575.,  302.,\n",
       "        1073., 1392.,  915.,  590., 1124., 1074., 1092., 1172., 1052.,\n",
       "        1100.,  443.,    0.,  957.,  758.,  947.,  570.,  985., 1184.,\n",
       "        1344.,  925.,  181.,  442.],\n",
       "       [ 320.,  434.,  608.,  472.,  856.,  588.,  861., 1341., 1068.,\n",
       "        1233.,  478.,  150.,  342.,  172., 1590.,  178.,  397.,  373.,\n",
       "         407.,  568.,  957.,    0.,  238.,  101., 1083.,  419.,  535.,\n",
       "        1045.,  237.,  781.,  718.],\n",
       "       [ 135.,  633.,  779.,  273.,  671.,  586.,  790., 1114.,  888.,\n",
       "        1009.,  677.,  148.,  338.,  409., 1360.,  376.,  417.,  281.,\n",
       "         483.,  409.,  758.,  238.,    0.,  167.,  850.,  430.,  548.,\n",
       "         952.,  263.,  624.,  486.],\n",
       "       [ 310.,  541.,  714.,  462.,  846.,  695.,  762., 1287., 1082.,\n",
       "        1184.,  583.,   51.,  341.,  278., 1537.,  284.,  299.,  274.,\n",
       "         513.,  581.,  947.,  101.,  167.,    0., 1029.,  521.,  436.,\n",
       "         946.,  325.,  802.,  664.],\n",
       "       [ 989., 1477., 1650.,  676., 1100., 1316., 1006.,  490.,  860.,\n",
       "         566., 1520.,  986.,  886., 1253.,  519., 1220., 1101.,  943.,\n",
       "        1296.,  784.,  570., 1083.,  850., 1029.,    0., 1285., 1107.,\n",
       "         907., 1127.,  725.,  368.],\n",
       "       [ 297.,  741.,  662.,  568.,  496.,  172., 1214., 1437.,  923.,\n",
       "        1420.,  580.,  501.,  145.,  542., 1760.,  409.,  775.,  711.,\n",
       "         136.,  523.,  985.,  419.,  430.,  521., 1285.,    0.,  903.,\n",
       "        1382.,  183.,  815.,  914.],\n",
       "       [ 684.,  768., 1169.,  844., 1220., 1076.,  304., 1346., 1445.,\n",
       "         864., 1041.,  393.,  670.,  556., 1299.,  739.,  133.,  309.,\n",
       "         899.,  992., 1184.,  535.,  548.,  436., 1107.,  903.,    0.,\n",
       "         508.,  729., 1095.,  749.],\n",
       "       [1091., 1484., 1657., 1174., 1627., 1553.,  275., 1405., 1631.,\n",
       "         492., 1525.,  900., 1068., 1222.,  951., 1228.,  711.,  673.,\n",
       "        1363., 1254., 1344., 1045.,  952.,  946.,  907., 1382.,  508.,\n",
       "           0., 1193., 1282.,  907.],\n",
       "       [ 167.,  524.,  527.,  446.,  582.,  356., 1031., 1335., 1009.,\n",
       "        1298.,  562.,  319.,  140.,  360., 1632.,  259.,  593.,  532.,\n",
       "         176.,  467.,  925.,  237.,  263.,  325., 1127.,  183.,  729.,\n",
       "        1193.,    0.,  730.,  758.],\n",
       "       [ 562., 1176., 1292.,  322.,  425.,  819., 1291.,  749.,  291.,\n",
       "        1013., 1219.,  743.,  438.,  952., 1189.,  919., 1029.,  895.,\n",
       "         901.,  270.,  181.,  781.,  624.,  802.,  725.,  815., 1095.,\n",
       "        1282.,  730.,    0.,  382.],\n",
       "       [ 625., 1113., 1259.,  311.,  749.,  951.,  906.,  663.,  673.,\n",
       "         628., 1156.,  621.,  596.,  888.,  873.,  856.,  736.,  578.,\n",
       "         933.,  420.,  442.,  718.,  486.,  664.,  368.,  914.,  749.,\n",
       "         907.,  758.,  382.,    0.]])"
      ]
     },
     "execution_count": 57,
     "metadata": {},
     "output_type": "execute_result"
    }
   ],
   "source": [
    "adj_matrix"
   ]
  },
  {
   "cell_type": "code",
   "execution_count": null,
   "id": "52b9e07b-bc27-4d0d-a88c-51de46096eff",
   "metadata": {},
   "outputs": [],
   "source": []
  }
 ],
 "metadata": {
  "kernelspec": {
   "display_name": "Python 3 (ipykernel)",
   "language": "python",
   "name": "python3"
  },
  "language_info": {
   "codemirror_mode": {
    "name": "ipython",
    "version": 3
   },
   "file_extension": ".py",
   "mimetype": "text/x-python",
   "name": "python",
   "nbconvert_exporter": "python",
   "pygments_lexer": "ipython3",
   "version": "3.9.7"
  }
 },
 "nbformat": 4,
 "nbformat_minor": 5
}
